"url","title","description","content","publishTime","author"
"https://dantri.com.vn/giai-tri/quan-ap-duoc-11-anh-trai-den-co-vu-xuc-dong-truoc-800-khan-gia-20241230121434136.htm","Quân A.P được 11 ""anh trai"" đến cổ vũ, xúc động trước 800 khán giả","(Dân trí) - Ngày 29/12, Quân A.P tổ chức buổi gặp gỡ người hâm mộ tại TPHCM, thu hút hơn 800 người tham dự.","Sự kiện có sự góp mặt của dàn nghệ sĩ trong chương trình Anh trai say hi gồm: Song Luân, Hải Đăng Doo, Pháp Kiều, Jsol, Captain Boy, WEAN Lê, Hùng Huỳnh... Trong buổi giao lưu với người hâm mộ, Quân A.P cùng các đồng đội đã tái hiện bản hit Hút, Regret. Trong đó, tiết mục Regret với màn lên nốt cao của Lâm Bảo Ngọc và các ""anh trai"" được khán giả cổ vũ nồng nhiệt. Với bản hit Hút, Quân A.P cũng cho thấy sự tiến bộ rõ rệt về vũ đạo sau khoảng thời gian tham gia show thực tế. Quân A.P và ca sĩ Hải Đăng Doo trên sân khấu (Ảnh: Nhân vật cung cấp). Nam ca sĩ còn tạo bất ngờ cho khán giả khi mang ca khúc mới nhất - Bánh cuốn - lên sân khấu. Đây cũng là lần đầu tiên anh cùng người hâm mộ và đồng nghiệp hòa giọng trong ca khúc Bông hoa đẹp nhất. Trước tình cảm của người hâm mộ dành cho mình, Quân A.P không khỏi xúc động: ""Giây phút này, tôi nhận ra mình đã không chọn sai đường. Tôi cảm thấy tất cả sự cố gắng của mình đã đúng hướng. Khán giả vẫn ở đó quan sát và dõi theo tôi."" Nam ca sĩ nói, anh không nghĩ mình nhận được nhiều tình yêu thương của khán giả đến vậy. Tình cảm của mọi người là động lực để anh cố gắng hơn, hoàn thiện bản thân từng ngày. Quân A.P chiếm được nhiều cảm tình của khán giả nhờ sở hữu vẻ ngoài điển trai (Ảnh: Nhân vật cung cấp). Vừa qua, Quân A.P tham gia Anh trai say hi và để lại nhiều ấn tượng tốt đẹp trong lòng người hâm mộ. Trong chương trình, anh cho thấy khả năng dẫn dắt, làm việc nhóm hiệu quả. Thành tích của ca khúc Regret đã phần nào chứng minh năng lực của nam ca sĩ. Ngoài ra, khả năng vũ đạo của giọng ca gốc Hà Nội cũng được cải thiện rõ rệt sau mỗi lần bước lên sân khấu. Sau chương trình, Quân A.P tiếp tục chăm chỉ hoạt động nghệ thuật. Cuối tháng 11, anh cho ra mắt E.P gồm 3 ca khúc: Dắt em đi khỏi đây, Đầu anh toàn là em, Bánh cuốn. Nam nghệ sĩ cho hay buổi họp fan là dự án cuối cùng khép lại một năm nhiều màu sắc của anh. Giọng ca sinh năm 1997 hứa hẹn không ngừng cố gắng, nỗ lực trong thời gian tới.","Mon Dec 30 14:23:00 ICT 2024","Quỳnh Tâm"
